0RDEBLIQC900000    0014161855202310181058                                                                                                                                                                                                                                                                  *
126800127330005 001416185542496730000004030000477417102307192 000000000400000  000000000000164000000000000164 0141555458         000                             00                             98550000100000204078650000058686181023      01                                                             *
126800127330005 001416185542398500004875720000477517102307192 000000000400000  000000000000170000000000000170 0074941991         000                             00                             98550000100000300000000000000000181023      01                                                             *
126800127330005 001416185542496700000074530000477617102307490 000000000400000  000000000000430000000000000430 0141483113         000                             00                             98550000100000404875060000094464181023      02                                                             *
126800127330005 001416185542496600000112900000477717102308236 000000000400000  000000000000432000000000000432 0141463241         000                             00                             98550000100000504078650000018565181023      02                                                             *
126800127330005 001416185546977100027798940000477817102307246 000000000400000  000000000000447000000000000447 0502964967         000                             00                             98550000100000600000000000000000181023      02                                                             *
126800127330005 001416185545407300214177540000477917102310383 000000001500000  000000000000519000000000000519 0542983159         000                             00                             98550000100000704540730030781927181023      04                                                             *
126800127330005 001416185543049780007968720000478017102307289 000000000400000  000000000000533000000000000533 0443422061         000                             00                             98550000100000804420150000067980181023      04                                                             *
126800127330005 001416185542496700000068690000478117102310879 000000000400000  000000000000566000000000000566 0141556079         000                             00                             98550000100000904875060000050904181023      01                                                             *
126800127330005 001416185546977100001179310000478217102314358 000000000400000  000000000000583000000000000583 0580464401         000                             00                             98550000100001004697718000013513181023      01                                                             *
126800127330005 001416185543049700123991590000478317102307755 000000000400000  000000000000667000000000000667 0304018905         000                             00                             98550000100001100000000000000000181023      01                                                             *
126800127330005 001416185542496500000701640000478417102307809 000000000400000  000000000000718000000000000718 0141496274         000                             00                             98550000100001204875060000075232181023      02                                                             *
126800127330005 001416185545084300134217460000478517102307033 000000000400000  000000000000719000000000000719 0413802143         000                             00                             98550000100001300000000000000000181023      02                                                             *
126800127330005 001416185543383000008260560000478617102307238 000000000400000  000000000000730000000000000730 0367647780         000                             00                             98550000100001404593540005010517181023      01                                                             *
126800127330005 001416185547045500004153770000478717102312909 000000000400000  000000000000734000000000000734 0620460396         000                             00                             98550000100001504704550004231184181023      01                                                             *
126800127330005 001416185549204380001429360000478817102307586 000000000400000  000000000000745000000000000745 0031985738         000                             00                             98550000100001600000000000000000181023      01                                                             *
126800127330005 001416185543383000033954300000478917102308247 000000000400000  000000000000787000000000000787 0623358504         000                             00                             98550000100001704338300013390199181023      01                                                             *
126800127330005 001416185546540300004244890000479017102308125 000000000400000  000000000000792000000000000792 0936585857         000                             00                             98550000100001800000000000000000181023      04                                                             *
126800127330005 001416185545464000231095850000479117102307306 000000000400000  000000000000796000000000000796 0375934618         000                             00                             98550000100001904546400038889825181023      01                                                             *
126800127330005 001416185545559900122198490000479217102307350 000000000400000  000000000000804000000000000804 0609178982         000                             00                             98550000100002000000000000000000181023      02                                                             *
126800127330005 001416185543049700163123560000479317102307553 000000000400000  000000000000815000000000000815 0546672594         000                             00                             98550000100002100000000000000000181023      02                                                             *
126800127330005 001416185547045500002740060000479417102308089 000000000400000  000000000000822000000000000822 0143527619         000                             00                             98550000100002200000000000000000181023      01                                                             *
126800127330005 001416185543383100061443880000479617102310461 000000000400000  000000000000826000000000000826 0969227142         000                             00                             98550000100002300000000000000000181023      01                                                             *
126800127330005 001416185540507101152983870000479717102307187 000000000400000  000000000000829000000000000829 0804950248         000                             00                             98550000100002404660570125344940181023      01                                                             *
126800127330005 001416185543049700000361850000479817102307786 000000000400000  000000000000833000000000000833 0115699731         000                             00                             98550000100002504420140000027829181023      01                                                             *
126800127330005 001416185542582100000345260000479917102377777 000000000400000  000000000000835000000000000835 0441471669         000                             00                             98550000100002604697240004323186181023      02                                                             *
126800127330005 001416185547937600007068550000480017102309195 000000000400000  000000000000842000000000000842 0562654482         000                             00                             98550000100002704239850000033855181023      02                                                             *
126800127330005 001416185547937500040878160000480217102307334 000000000400000  000000000000875000000000000875 0159223118         000                             00                             98550000100002804793750013656767181023      01                                                             *
126800127330005 001416185542582200002423830000480317102307089 000000000400000  000000000000880000000000000880 0096390551         000                             00                             98550000100002900000000000000000181023      04                                                             *
126800127330005 001416185543049700110115160000480417102309704 000000000400000  000000000000894000000000000894 0601829420         000                             00                             98550000100003000000000000000000181023      01                                                             *
126800127330005 001416185543383100037836750000480517102307295 000000000400000  000000000000897000000000000897 0776801322         000                             00                             98550000100003104704558000722189181023      01                                                             *
126800127330005 001416185543383100032404520000480617102309814 000000000400000  000000000000906000000000000906 0518526678         000                             00                             98550000100003200000000000000000181023      01                                                             *
126800127330005 001416185545559900160794540000480717102307277 000000000400000  000000000000907000000000000907 0703724908         000                             00                             98550000100003304555998001588579181023      01                                                             *
126800127330005 001416185545091000079224000000480817102307553 000000000400000  000000000000910000000000000910 0089396164         000                             00                             98550000100003400000000000000000181023      01                                                             *
126800127330005 001416185545084300042528520000480917102307449 000000000400000  000000000000918000000000000918 0177666285         000                             00                             98550000100003504555990023309746181023      01                                                             *
126800127330005 001416185546977100009324950000481017102307230 000000000400000  000000000000924000000000000924 0756495138         000                             00                             98550000100003604697718000647476181023      01                                                             *
126800127330005 001416185546977180000251450000481117102307112 000000000400000  000000000000927000000000000927 0941253312         000                             00                             98550000100003704420148000058207181023      01                                                             *
126800127330005 001416185542496700000528710000481217102308163 000000000400000  000000000000928000000000000928 0716084110         000                             00                             98550000100003800000000000000000181023      01                                                             *
126800127330005 001416185549370200020931180000481317102308318 000000000400000  000000000000932000000000000932 0830219115         000                             00                             98550000100003900000000000000000181023      01                                                             *
126800127330005 001416185540291830363620050000481417102348369 000000000400000  000000000000949000000000000949 0723639712         000                             00                             98550000100004004029181985214813181023      03                                                             *
126800127330005 001416185545083200052497280000481517102307181 000000000400000  000000000000951000000000000951 0225565450         000                             00                             98550000100004104508320024982135181023      02                                                             *
126800127330005 001416185545559900101902320000481617102308386 000000000400000  000000000000953000000000000953 0578572709         000                             00                             98550000100004204697710002993990181023      02                                                             *
126800127330005 001416185542496600002121790000481717102308391 000000000400000  000000000000956000000000000956 0230331909         000                             00                             98550000100004304078650000000282181023      02                                                             *
126800127330005 001416185546972500001327540000481817102307245 000000000400000  000000000000966000000000000966 0043148707         000                             00                             98550000100004404697250000202557181023      02                                                             *
126800127330005 001416185543383100032666140000481917102312993 000000000400000  000000000000971000000000000971 0732364720         000                             00                             98550000100004504338310006789752181023      01                                                             *
126800127330005 001416185542496600002399580000482017102307197 000000000400000  000000000000973000000000000973 0345495552         000                             00                             98550000100004604249670000117781181023      02                                                             *
126800127330005 001416185546977180001677230000482117102307828 000000000400000  000000000000976000000000000976 0316290560         000                             00                             98550000100004700000000000000000181023      01                                                             *
126800127330005 001416185547045580007323940000482217102308471 000000000400000  000000000000978000000000000978 0082252267         000                             00                             98550000100004800000000000000000181023      01                                                             *
126800127330005 001416185542496500000009060000482317102307006 000000000400000  000000000000979000000000000979 0141497789         000                             00                             98550000100004900000000000000000181023      02                                                             *
126800127330005 001416185546977100031262510000482417102307213 000000000400000  000000000000984000000000000984 1045193818         000                             00                             98550000100005004697718000645454181023      01                                                             *
126800127330005 001416185547045580000554240000482517102307483 000000000400000  000000000000992000000000000992 0599044177         000                             00                             98550000100005104704550007259687181023      01                                                             *
126800127330005 001416185542496600000022160000482617102312273 000000000400000  000000000000997000000000000997 0141456881         000                             00                             98550000100005204875060000019586181023      02                                                             *
126800127330005 001416185545935400034882440000482717102307865 000000000400000  000000000000998000000000000998 0362461969         000                             00                             98550000100005304593540008899916181023      01                                                             *
126800127330005 001416185545407300058341070000482817102310563 000000001900000  000000000001001000000000001001 0326917305         000                             00                             98550000100005404704550003468720181023      01                                                             *
126800127330005 001416185543049600041598930000482917102307051 000000000400000  000000000001002000000000001002 0156722298         000                             00                             98550000100005500000000000000000181023      01                                                             *
126800127330005 001416185545407380015193410000483017102308130 000000000400000  000000000001003000000000001003 0487424317         000                             00                             98550000100005600000000000000000181023      01                                                             *
126800127330005 001416185545084300013921980000483117102307437 000000000400000  000000000001006000000000001006 0050799185         000                             00                             98550000100005700000000000000000181023      02                                                             *
126800127330005 001416185549371500006487440000483217102307354 000000000400000  000000000001010000000000001010 0623364947         000                             00                             98550000100005804937150001053761181023      01                                                             *
126800127330005 001416185542496700000810110000483317102306987 000000001900000  000000000001024000000000001024 0860696869         000                             00                             98550000100005900000000000000000181023      01                                                             *
126800127330005 001416185542496500000346160000483417102307346 000000000400000  000000000001027000000000001027 0298303285         000                             00                             98550000100006004249670000042724181023      02                                                             *
126800127330005 001416185547045500002494870000483517102311218 000000000400000  000000000001029000000000001029 0469610648         000                             00                             98550000100006104704550007332815181023      01                                                             *
126800127330005 001416185542582100012279880000483617102377777 000000000400000  000000000001034000000000001034 0573344857         000                             00                             98550000100006204697240003557511181023      01                                                             *
126800127330005 001416185546977100002985820000483717102307305 000000000400000  000000000001035000000000001035 0667525955         000                             00                             98550000100006304697718000145349181023      04                                                             *
126800127330005 001416185545407300472992850000483817102307818 000000002400000  000000000001039000000000001039 1070159953         000                             00                             98550000100006400000000000000000181023      01                                                             *
126800127330005 001416185549204380002557120000484017102307198 000000000400000  000000000001042000000000001042 0082688907         000                             00                             98550000100006604697250000243486181023      01                                                             *
126800127330005 001416185543049700086455990000484117102307449 000000000400000  000000000001043000000000001043 0472507481         000                             00                             98550000100006704420140000537264181023      01                                                             *
126800127330005 001416185543049700103258670000484217102307033 000000000400000  000000000001045000000000001045 0415345354         000                             00                             98550000100006800000000000000000181023      02                                                             *
126800127330005 001416185542496500000002110000484317102307006 000000000400000  000000000001046000000000001046 0141501246         000                             00                             98550000100006900000000000000000181023      02                                                             *
126800127330005 001416185543049700167892310000484417102307315 000000000400000  000000000001047000000000001047 0617020998         000                             00                             98550000100007000000000000000000181023      02                                                             *
126800127330005 001416185542496700000168500000484517102307905 000000000400000  000000000001049000000000001049 0141503266         000                             00                             98550000100007104078650000051061181023      02                                                             *
126800127330005 001416185546605780055518310000484617102308443 000000000400000  000000000001059000000000001059 0779747195         000                             00                             98550000100007200000000000000000181023      01                                                             *
126800127330005 001416185545407580044835920000484717102307143 000000000400000  000000000001060000000000001060 0217752329         000                             00                             98550000100007300000000000000000181023      01                                                             *
126800127330005 001416185542496600000114640000484817102315513 000000000400000  000000000001061000000000001061 0141463357         000                             00                             98550000100007404249670000084718181023      02                                                             *
126800127330005 001416185546605700184976490000484917102307171 000000000400000  000000000001062000000000001062 0593500172         000                             00                             98550000100007500000000000000000181023      01                                                             *
126800127330005 001416185542496530000269390000485017102307435 000000000400000  000000000001063000000000001063 0141574440         000                             00                             98550000100007604875068000042219181023      01                                                             *
126800127330005 001416185547937800022847190000485117102307366 000000000400000  000000000001064000000000001064 0150301772         000                             00                             98550000100007704239850001475881181023      01                                                             *
126800127330005 001416185549370200006259110000485217102308126 000000000400000  000000000001068000000000001068 0378088596         000                             00                             98550000100007804937028000248600181023      01                                                             *
126800127330005 001416185545407300050089910000485317102308459 000000000400000  000000000001072000000000001072 0079632416         000                             00                             98550000100007904704550008523149181023      01                                                             *
126800127330005 001416185547045500001623910000485417102307731 000000000400000  000000000001077000000000001077 0313231737         000                             00                             98550000100008004704550004697707181023      01                                                             *
126800127330005 001416185545084300006198800000485517102307809 000000000400000  000000000001079000000000001079 0036070970         000                             00                             98550000100008100000000000000000181023      01                                                             *
126800127330005 001416185545464200235642900000485617102308249 000000000400000  000000000001080000000000001080 0705524964         000                             00                             98550000100008200000000000000000181023      02                                                             *
126800127330005 001416185549204380003988840000485717102306994 000000000400000  000000000001081000000000001081 0034628683         000                             00                             98550000100008304258220000129812181023      03                                                             *
126800127330005 001416185542496500000663450000485817102308653 000000000400000  000000000001083000000000001083 0385498058         000                             00                             98550000100008404249670000034689181023      02                                                             *
126800127330005 001416185547937500053052330000485917102324273 000000000400000  000000000001084000000000001084 0572619462         000                             00                             98550000100008504239850002064239181023      01                                                             *
126800127330005 001416185542496500001580190000486017102323433 000000000400000  000000000001086000000000001086 0594062277         000                             00                             98550000100008604875060000044394181023      02                                                             *
126800127330005 001416185543049700108292800000486117102307327 000000000400000  000000000001088000000000001088 0580999299         000                             00                             98550000100008704420140000104941181023      01                                                             *
126800127330005 001416185545407500229117530000486217102307798 000000002400000  000000000001094000000000001094 0307691468         000                             00                             98550000100008800000000000000000181023      01                                                             *
126800127330005 001416185545099400025650700000486317102322803 000000000400000  000000000001095000000000001095 0432125234         000                             00                             98550000100008904753930000856640181023      02                                                             *
126800127330005 001416185545407500144979100000486417102307390 000000000400000  000000000001097000000000001097 0172499899         000                             00                             98550000100009004540750055942709181023      01                                                             *
126800127330005 001416185545559980003887160000486517102307164 000000000400000  000000000001098000000000001098 0103877491         000                             00                             98550000100009104555990026063738181023      01                                                             *
126800127330005 001416185540291867729235000000486617102330907 000000002400000  000000000001099000000000001099 0723360670         000                             00                             98550000100009204029185667697179181023      03                                                             *
126800127330005 001416185540507100804392890000486717102307393 000000000400000  000000000001100000000000001100 0395545764         000                             00                             98550000100009304050718012528004181023      01                                                             *
126800127330005 001416185542496700000515920000486817102307026 000000000400000  000000000001104000000000001104 0704157211         000                             00                             98550000100009404078658000042071181023      02                                                             *
126800127330005 001416185546972400006229460000486917102308468 000000000400000  000000000001105000000000001105 0592857866         000                             00                             98550000100009500000000000000000181023      01                                                             *
126800127330005 001416185540291883760947200000487017102331837 000000000400000  000000000001106000000000001106 0156742726         000                             00                             98550000100009600000000000000000181023      03                                                             *
126800127330005 001416185545407300248011780000487117102329733 000000000400000  000000000001107000000000001107 0872622434         000                             00                             98550000100009704540738002851081181023      01                                                             *
126800127330005 001416185542496500001557340000487217102307111 000000000400000  000000000001109000000000001109 0531651560         000                             00                             98550000100009800000000000000000181023      02                                                             *
126800127330005 001416185540291811814340330000487317102367129 000000000400000  000000000001110000000000001110 0387906438         000                             00                             98550000100009904029182465372501181023      03                                                             *
126800127330005 001416185545407300118076910000487417102307797 000000000400000  000000000001112000000000001112 0679980528         000                             00                             98550000100010004338310005440472181023      01                                                             *
126800127340005 001416185542582200001958960000487517102310258 000000000400000  000000000001113000000000001113 0092210253         000                             00                             98550010100010200000000000000000181023      02                                                             *
126800127340005 001416185542496530000076570000487617102308898 000000000400000  000000000001114000000000001114 0141480404         000                             00                             98550010100010304249670000127012181023      02                                                             *
126800127340005 001416185542496500000830270000487717102307502 000000000400000  000000000001118000000000001118 0347853886         000                             00                             98550010100010404078650000041716181023      02                                                             *
126800127340005 001416185547045500012902740000487817102311143 000000000400000  000000000001119000000000001119 0408986043         000                             00                             98550010100010504704550004698051181023      01                                                             *
126800127340005 001416185540291855226189800000487917102318835 000000000400000  000000000001120000000000001120 0433632605         000                             00                             98550010100010604029181193188429181023      03                                                             *
126800127340005 001416185543049700130372040000488017102308333 000000000400000  000000000001122000000000001122 0312138923         000                             00                             98550010100010704420140000258606181023      01                                                             *
126800127340005 001416185540291897386509690000488117102340501 000000002400000  000000000001123000000000001123 0426202127         000                             00                             98550010100010804029180924841371181023      03                                                             *
126800127340005 001416185546977100001230870000488217102307212 000000000400000  000000000001124000000000001124 0004838443         000                             00                             98550010100010904697718000590353181023      04                                                             *
126800127340005 001416185545935400023443150000488317102313728 000000000400000  000000000001126000000000001126 0798003036         000                             00                             98550010100011004593540008177495181023      01                                                             *
126800127340005 001416185540291882060430460000488417102374370 000000000400000  000000000001128000000000001128 0746697203         000                             00                             98550010100011104029182539047600181023      03                                                             *
126800127340005 001416185545083280019441760000488517102309205 000000000400000  000000000001129000000000001129 0932853761         000                             00                             98550010100011200000000000000000181023      02                                                             *
126800127340005 001416185545099501234356400000488617102307398 000000000400000  000000000001130000000000001130 0569770758         000                             00                             98550010100011304660570112361873181023      04                                                             *
126800127340005 001416185543383000088424020000488717102307211 000000000400000  000000000001131000000000001131 0919271403         000                             00                             98550010100011404338308001808957181023      02                                                             *
126800127340005 001416185545935400038926350000488817102307198 000000000400000  000000000001132000000000001132 0170595575         000                             00                             98550010100011504593548001159121181023      01                                                             *
126800127340005 001416185542496500000135520000488917102307371 000000000400000  000000000001133000000000001133 0141501017         000                             00                             98550010100011600000000000000000181023      02                                                             *
126800127340005 001416185546549400000213270000489017102308062 000000000400000  000000000001135000000000001135 0031986076         000                             00                             98550010100011704654940000099133181023      01                                                             *
126800127340005 001416185546972400000364280000489117102307446 000000000400000  000000000001137000000000001137 0444900920         000                             00                             98550010100011800000000000000000181023      01                                                             *
126800127340005 001416185542496700000623260000489217102307459 000000000400000  000000000001138000000000001138 0141464367         000                             00                             98550010100011900000000000000000181023      02                                                             *
126800127340005 001416185549843400011058340000489317102307291 000000000400000  000000000001139000000000001139 0722665080         000                             00                             98550010100012000000000000000000181023      02                                                             *
126800127340005 001416185540507101415559250000489417102307476 000000000400000  000000000001141000000000001141 0693791827         000                             00                             98550010100012104660570116057931181023      01                                                             *
126800127340005 001416185543049700162503820000489517102307094 000000002400000  000000000001143000000000001143 0687062722         000                             00                             98550010100012204420140000444131181023      01                                                             *
126800127340005 001416185542496700001286220000489617102307281 000000000400000  000000000001145000000000001145 0961996143         000                             00                             98550010100012300000000000000000181023      01                                                             *
126800127340005 001416185543383000019663640000489717102309799 000000000400000  000000000001146000000000001146 0354700782         000                             00                             98550010100012404593540006276711181023      03                                                             *
126800127340005 001416185545935480007096030000489817102307479 000000000400000  000000000001147000000000001147 0758226060         000                             00                             98550010100012500000000000000000181023      01                                                             *
126800127340005 001416185546605700930646370000489917102307224 000000000400000  000000000001148000000000001148 0901033604         000                             00                             98550010100012604660578010648838181023      01                                                             *
126800127340005 001416185542398500000676060000490017102307152 000000003900000  000000000001149000000000001149 0205941755         000                             00                             98550010100012700000000000000000181023      01                                                             *
126800127340005 001416185542496500002411200000490117102306996 000000000400000  000000000001151000000000001151 0881578274         000                             00                             98550010100012800000000000000000181023      02                                                             *
126800127340005 001416185549371500008639130000490217102341133 000000000400000  000000000001153000000000001153 0960808007         000                             00                             98550010100012900000000000000000181023      01                                                             *
126800127340005 001416185545464200050433210000490317102307143 000000000400000  000000000001154000000000001154 0254374126         000                             00                             98550010100013000000000000000000181023      02                                                             *
126800127340005 001416185545084300323959960000490417102316833 000000000400000  000000000001155000000000001155 0050797561         000                             00                             98550010100013100000000000000000181023      02                                                             *
126800127340005 001416185546605700781893340000490517102307854 000000000400000  000000000001157000000000001157 0563156109         000                             00                             98550010100013204660570119408479181023      01                                                             *
126800127340005 001416185547203900000079510000490617102308286 000000000400000  000000000001159000000000001159 0733287532         000                             00                             98550010100013304654030001593183181023      04                                                             *
126800127340005 001416185548750600000311770000490717102308287 000000000400000  000000000001160000000000001160 1013023657         000                             00                             98550010100013400000000000000000181023      02                                                             *
126800127340005 001416185543383180007521630000490817102307319 000000001900000  000000000001162000000000001162 0579441248         000                             00                             98550010100013500000000000000000181023      01                                                             *
126800127340005 001416185540291881954443530000490917102376477 000000000400000  000000000001163000000000001163 1003813680         000                             00                             98550010100013604029188292380054181023      03                                                             *
126800127340005 001416185546977100000965150000491017102308020 000000000400000  000000000001164000000000001164 0513789337         000                             00                             98550010100013704697710003668807181023      01                                                             *
126800127340005 001416185545559900222570370000491117102307161 000000000400000  000000000001165000000000001165 0567428291         000                             00                             98550010100013800000000000000000181023      01                                                             *
126800127340005 001416185543383000049888290000491217102307130 000000002400000  000000000001166000000000001166 0405584622         000                             00                             98550010100013900000000000000000181023      01                                                             *
126800127340005 001416185540507101683937540000491317102308063 000000000400000  000000000001167000000000001167 0100482959         000                             00                             98550010100014000000000000000000181023      02                                                             *
126800127340005 001416185542582180004761590000491417102308179 000000000400000  000000000001169000000000001169 0830160161         000                             00                             98550010100014100000000000000000181023      01                                                             *
126800127340005 001416185544201400001297650000491517102309504 000000000400000  000000000001170000000000001170 0492603239         000                             00                             98550010100014200000000000000000181023      01                                                             *
126800127340005 001416185542582100025724730000491617102307953 000000000400000  000000000001172000000000001172 0705390613         000                             00                             98550010100014304697240004018109181023      01                                                             *
126800127340005 001416185545464200156108200000491717102307875 000000000400000  000000000001173000000000001173 0669244531         000                             00                             98550010100014400000000000000000181023      02                                                             *
126800127340005 001416185548750600000223900000491817102307488 000000000400000  000000000001174000000000001174 0968821055         000                             00                             98550010100014500000000000000000181023      02                                                             *
126800127340005 001416185540291816596194870000491917102360459 000000000400000  000000000001177000000000001177 0123403940         000                             00                             98550010100014600000000000000000181023      03                                                             *
126800127340005 001416185545935480006503770000492017102307958 000000000400000  000000000001178000000000001178 0367541082         000                             00                             98550010100014704593540004562591181023      01                                                             *
126800127340005 001416185542496700000511960000492117102307038 000000000400000  000000000001179000000000001179 0284906133         000                             00                             98550010100014800000000000000000181023      02                                                             *
126800127340005 001416185543383100063834650000492217102307803 000000000400000  000000000001184000000000001184 0774963064         000                             00                             98550010100014900000000000000000181023      01                                                             *
126800127340005 001416185543383100063834650000492317102307802 000000000400000  000000000001185000000000001185 0774963064         000                             00                             98550010100015000000000000000000181023      01                                                             *
126800127340005 001416185543383100106763340000492417102307029 000000000400000  000000000001186000000000001186 1151578107         000                             00                             98550010100015100000000000000000181023      01                                                             *
126800127340005 001416185542496500002075190000492517102307347 000000000400000  000000000001187000000000001187 0624617729         000                             00                             98550010100015200000000000000000181023      02                                                             *
126800127340005 001416185540507101543661030000492617102307000 000000000400000  000000000001188000000000001188 0792358385         000                             00                             98550010100015300000000000000000181023      01                                                             *
126800127340005 001416185542496530000768760000492717102307953 000000000400000  000000000001189000000000001189 0420942065         000                             00                             98550010100015400000000000000000181023      02                                                             *
126800127340005 001416185545559900189440100000492817102307159 000000000400000  000000000001190000000000001190 0828273112         000                             00                             98550010100015500000000000000000181023      01                                                             *
126800127340005 001416185545407500452564910000492917102307263 000000000400000  000000000001191000000000001191 0776615758         000                             00                             98550010100015604540730038294436181023      01                                                             *
126800127340005 001416185546605780100783580000493017102377777 000000000400000  000000000001193000000000001193 0604766500         000                             00                             98550010100015700000000000000000181023      02                                                             *
126800127340005 001416185545407380024909970000493117102307549 000000000400000  000000000001194000000000001194 0159675537         000                             00                             98550010100015800000000000000000181023      01                                                             *
126800127340005 001416185546977180001365790000493217102308086 000000000400000  000000000001195000000000001195 0074969164         000                             00                             98550010100015900000000000000000181023      04                                                             *
126800127340005 001416185542496700001723560000493317102307398 000000000400000  000000000001196000000000001196 1048020478         000                             00                             98550010100016000000000000000000181023      02                                                             *
126800127340005 001416185540786500000352700000493417102307097 000000000400000  000000000001197000000000001197 0403054152         000                             00                             98550010100016100000000000000000181023      02                                                             *
126800127340005 001416185548750600000424140000493517102317853 000000000400000  000000000001198000000000001198 0669426393         000                             00                             98550010100016204875060000075877181023      02                                                             *
126800127340005 001416185545084300383404910000493617102308733 000000000400000  000000000001199000000000001199 1003710332         000                             00                             98550010100016300000000000000000181023      01                                                             *
126800127340005 001416185540291875105301020000493717102381642 000000000400000  000000000001200000000000001200 0401644834         000                             00                             98550010100016400000000000000000181023      03                                                             *
126800127340005 001416185548750600000279690000493817102308925 000000000400000  000000000001201000000000001201 1000408801         000                             00                             98550010100016500000000000000000181023      02                                                             *
126800127340005 001416185548750600000579090000493917102308786 000000000400000  000000000001204000000000001204 0616271069         000                             00                             98550010100016600000000000000000181023      02                                                             *
126800127340005 001416185543049600348554290000494017102306996 000000000400000  000000000001206000000000001206 0401672718         000                             00                             98550010100016700000000000000000181023      01                                                             *
126800127340005 001416185540786500000431000000494117102307372 000000000400000  000000000001208000000000001208 0731290381         000                             00                             98550010100016800000000000000000181023      02                                                             *
126800127340005 001416185545935400028347780000494217102308237 000000000400000  000000000001209000000000001209 0357898376         000                             00                             98550010100016900000000000000000181023      04                                                             *
126800127340005 001416185543383100072653560000494317102307302 000000000400000  000000000001210000000000001210 0866902344         000                             00                             98550010100017000000000000000000181023      01                                                             *
126800127340005 001416185543383000114303360000494417102307192 000000000400000  000000000001211000000000001211 0746512623         000                             00                             98550010100017100000000000000000181023      02                                                             *
126800127340005 001416185543049600450126890000494517102310293 000000000400000  000000000001212000000000001212 1110616859         000                             00                             98550010100017200000000000000000181023      02                                                             *
126800127340005 001416185545935400023282680000494617102307282 000000000400000  000000000001214000000000001214 0252423714         000                             00                             98550010100017300000000000000000181023      02                                                             *
126800127340005 001416185545559900245653950000494717102307495 000000000400000  000000000001215000000000001215 1049050227         000                             00                             98550010100017400000000000000000181023      01                                                             *
126800127340005 001416185543049600422370400000494817102307547 000000000400000  000000000001217000000000001217 0692236969         000                             00                             98550010100017500000000000000000181023      01                                                             *
126800127340005 001416185547045500018664040000494917102307362 000000000400000  000000000001218000000000001218 0139099786         000                             00                             98550010100017600000000000000000181023      01                                                             *
126800127340005 001416185542496730000104690000495017102308659 000000000400000  000000000001221000000000001221 0775373239         000                             00                             98550010100017700000000000000000181023      01                                                             *
126800127340005 001416185545407300462853840000495117102307299 000000000400000  000000000001223000000000001223 0410065060         000                             00                             98550010100017800000000000000000181023      01                                                             *
126800127340005 001416185546970000037828690000495217102309425 000000000400000  000000000001224000000000001224 1199143396         000                             00                             98550010100017900000000000000000181023      01                                                             *
126800127340005 001416185548750600000438340000495317102307336 000000000400000  000000000001225000000000001225 0627020625         000                             00                             98550010100018000000000000000000181023      02                                                             *
126800127340005 001416185542496700000369990000495417102307068 000000000400000  000000000001226000000000001226 0474410260         000                             00                             98550010100018100000000000000000181023      02                                                             *
126800127330005 0014161855479378000292784600004839171023      000000000400000  000000000001040000000000001040 0336290290         156TARJETA VENCIDA              00                             98550000100006500000000000000000181023      00                                                             *
9RDEBLIQC900000    00141618552023101810580000179000000092700000                                                                                                                                                                                                                                            *
